2.000000000000000000000                2.718280000000000029559
2.299999999999999822364                3.126021725731235711976
2.599999999999999644729                3.590750188822185773319
2.899999999999999467093                4.120397365322551408440
3.199999999999999289457                4.723943057924191002428
3.499999999999999111822                5.411561912038497013100
3.799999999999998934186                6.194787051446895453921
4.099999999999998756550                7.086693649291991192740
4.399999999999998578915                8.102105653010168495598
4.699999999999998401279                9.257829032519003575885
4.999999999999998223643                10.572915214209718470784
5.299999999999998046007                12.068958756235536711188
5.599999999999997868372                13.770433796901064837925
5.899999999999997690736                15.705074363644449420008
6.199999999999997513100                17.904304267544269180235
6.499999999999997335465                20.403723033627091609787
6.799999999999997157829                23.243655139251060859351
7.099999999999996980193                26.469770762350325554735
7.399999999999996802558                30.133787291134606078913
7.699999999999996624922                34.294262031681512326031
7.999999999999996447286                39.017487886527220553035
8.299999999999997157829                44.378505284884681714175
8.599999999999997868372                50.462245345004411944956
8.899999999999998578915                57.364821165708796968374
9.199999999999999289457                65.194986304633516738249
9.500000000000000000000                74.075781936023659568491
9.800000000000000710543                84.146396925775832187355
10.100000000000001421085                95.564268154889461470702
10.400000000000002131628                108.507451908611074031796
10.700000000000002842171                123.177301076886053010639
11.000000000000003552714                139.801487338063679999323
11.300000000000004263256                158.637412484933463474590
11.600000000000004973799                179.976058670788148674546
11.900000000000005684342                204.146333682867464176525
12.200000000000006394885                231.519974480767189106700
12.500000000000007105427                262.517080268958352462505
12.800000000000007815970                297.612355418828599340486
13.100000000000008526513                337.342152744213422010944
13.400000000000009237056                382.312419108774747655843
13.700000000000009947598                433.207658265319253132475
14.000000000000010658141                490.801040377931997227279
14.300000000000011368684                555.965804062057145529252
14.600000000000012079227                629.688115225343381098355
14.900000000000012789769                713.081567761871838229126
15.200000000000013500312                807.403534535272797256766
15.500000000000014210855                914.073603409492761784350
15.800000000000014921397                1034.694362717702460940927
16.100000000000015631940                1171.074833914029341030982
16.400000000000016342483                1325.256886695043249346782
16.700000000000017053026                1499.545014131804919088609
17.000000000000017763568                1696.539892907574085256783
17.300000000000018474111                1919.176207273032332523144
17.600000000000019184654                2170.765275554515937983524
17.900000000000019895197                2455.043085818285362620372
18.200000000000020605739                2776.224423546320394962095
18.500000000000021316282                3139.063859974495244387072
18.800000000000022026825                3548.924466271655546734110
19.100000000000022737368                4011.855227335130621213466
19.400000000000023447910                4534.678251147592163761146
19.700000000000024158453                5125.087007071348125464283
20.000000000000024868996                5791.756981048170018766541
20.300000000000025579538                6544.470309559890665696003
20.600000000000026290081                7394.256149786259811662603
20.900000000000027000624                8353.548763367813080549240
21.200000000000027711167                9436.365538572714285692200
21.500000000000028421709                10658.507453882510162657127
21.800000000000029132252                12037.784798878603396588005
22.100000000000029842795                13594.271320128436855156906
22.400000000000030553338                15350.590355368785822065547
22.700000000000031263880                17332.236964091167465085164
23.000000000000031974423                19567.940562749856326263398
23.300000000000032684966                22090.073135088125127367675
23.600000000000033395509                24935.108720210824685636908
23.900000000000034106051                28144.140591669030982302502
24.200000000000034816594                31763.463339679794444236904
24.500000000000035527137                35845.227966593738528899848
24.800000000000036237680                40448.179115103288495447487
25.100000000000036948222                45638.484683223607135005295
25.400000000000037658765                51490.669355241450830362737
25.700000000000038369308                58088.665010984259424731135
26.000000000000039079850                65526.992586420434236060828
26.300000000000039790393                73912.091768670929013751447
26.600000000000040500936                83363.816942596764420159161
26.900000000000041211479                94017.120091856500948779285
27.200000000000041922021                106023.943925730767659842968
27.500000000000042632564                119555.351388927418156526983
27.800000000000043343107                134803.920954133878694847226
28.100000000000044053650                151986.440740199206629768014
28.400000000000044764192                171346.938591828278731554747
28.700000000000045474735                193160.089854929421562701464
29.000000000000046185278                217735.049747444136301055551
29.300000000000046895821                245419.763028399465838447213
29.600000000000047606363                276605.810186416318174451590
29.900000000000048316906                311733.856690938700921833515
30.200000000000049027449                351299.780073764384724199772
30.500000000000049737992                395861.558845889579970389605
30.800000000000050448534                446047.017629647802095860243
31.100000000000051159077                502562.534538266016170382500
31.400000000000051869620                566202.829921023687347769737
31.700000000000052580162                637861.970288096345029771328
32.000000000000049737992                718545.737732335226610302925
32.300000000000046895821                809385.533697260892949998379
32.600000000000044053650                911654.006750097963958978653
32.900000000000041211479                1026782.617384824319742619991
33.200000000000038369308                1156381.379116098862141370773
33.500000000000035527137                1302261.044581987662240862846
33.800000000000032684966                1466458.038445946294814348221
34.100000000000029842795                1651262.476018993416801095009
34.400000000000027000624                1859249.648207886610180139542
34.700000000000024158453                2093315.400191399967297911644
35.000000000000021316282                2356715.883759482763707637787
35.300000000000018474111                2653112.222220296040177345276
35.600000000000015631940                2986620.692974535748362541199
35.900000000000012789769                3361869.107157549820840358734
36.200000000000009947598                3784060.149147556629031896591
36.500000000000007105427                4259042.532343377359211444855
36.800000000000004263256                4793390.932673329487442970276
37.100000000000001421085                5394495.779205773025751113892
37.399999999999998578915                6070664.113558780401945114136
37.699999999999995736744                6831232.878309834748506546021
37.999999999999992894573                7686696.161258357577025890350
38.299999999999990052402                8648848.109406262636184692383
38.599999999999987210231                9730943.436375305056571960449
38.899999999999984368060                10947877.682457162067294120789
39.199999999999981525889                12316389.650713142007589340210
39.499999999999978683718                13855288.739004688337445259094
39.799999999999975841547                15585710.220467556267976760864
40.099999999999972999376                17531401.898142538964748382568
40.399999999999970157205                19719045.978178646415472030640
40.699999999999967315034                22178620.475764356553554534912
40.999999999999964472863                24943804.994923837482929229736
41.299999999999961630692                28052436.314495280385017395020
41.599999999999958788521                31547019.875788599252700805664
41.899999999999955946350                35475304.011346295475959777832
42.199999999999953104179                39890924.588710710406303405762
42.499999999999950262008                44854128.679127782583236694336
42.799999999999947419838                50432586.911017835140228271484
43.099999999999944577667                56702305.345636993646621704102
43.399999999999941735496                63748649.033129990100860595703
43.699999999999938893325                71667490.888503417372703552246
43.999999999999936051154                80566501.188395917415618896484
44.299999999999933208983                90566594.852711781859397888184
44.599999999999930366812                101803555.764679446816444396973
44.899999999999927524641                114429859.726117387413978576660
45.199999999999924682470                128616720.272371366620063781738
45.499999999999921840299                144556384.517979532480239868164
45.799999999999918998128                162464709.508237093687057495117
46.099999999999916155957                182584053.256746232509613037109
46.399999999999913313786                205186518.803253948688507080078
46.699999999999910471615                230577594.283957064151763916016
46.999999999999907629444                259100237.228913277387619018555
47.299999999999904787273                291139457.156510353088378906250
47.599999999999901945102                327127457.099624335765838623047
47.899999999999899102932                367549402.057880163192749023438
48.199999999999896260761                412949890.621395051479339599609
48.499999999999893418590                463940215.261198759078979492188
48.799999999999890576419                521206507.150829553604125976562
49.099999999999887734248                585518873.007579445838928222656
49.399999999999884892077                657741644.471977710723876953125
49.699999999999882049906                738844875.150072813034057617188
49.999999999999879207735                829917236.815051555633544921875
50.299999999999876365564                932180484.615777373313903808594
50.599999999999873523393                1047005681.708625555038452148438
50.899999999999870681222                1175931396.782976627349853515625
51.199999999999867839051                1320684113.789494037628173828125
51.499999999999864996880                1483201122.139514923095703125000
51.799999999999862154709                1665656188.099527835845947265625
52.099999999999859312538                1870488344.478033065795898437500
52.399999999999856470367                2100434176.464954853057861328125
52.699999999999853628196                2358564027.164771080017089843750
52.999999999999850786025                2648322597.555768013000488281250
53.299999999999847943855                2973574472.972547054290771484375
53.599999999999845101684                3338655172.490012168884277343750
53.899999999999842259513                3748428389.616693496704101562500
54.199999999999839417342                4208350173.415427684783935546875
54.499999999999836575171                4724540889.604046821594238281250
54.799999999999833733000                5303865902.517032623291015625000
55.099999999999830890829                5954026032.340547561645507812500
55.399999999999828048658                6683658969.234457969665527343750
55.699999999999825206487                7502452968.468405723571777343750
55.999999999999822364316                8421274310.364082336425781250000
56.299999999999819522145                9452310187.712642669677734375000
56.599999999999816679974                10609228883.731481552124023437500
56.899999999999813837803                11907359328.121799468994140625000
57.199999999999810995632                13363892370.280363082885742187500
57.499999999999808153461                14998106390.445011138916015625000
57.799999999999805311290                16831620185.141202926635742187500
58.099999999999802469119                18888676416.807960510253906250000
58.399999999999799626949                21196459313.463981628417968750000
58.699999999999796784778                23785450747.820800781250000000000
58.999999999999793942607                26689829322.061534881591796875000
59.299999999999791100436                29947917640.964920043945312500000
59.599999999999788258265                33602683579.312633514404296875000
59.899999999999785416094                37702302047.575950622558593750000
60.199999999999782573923                42300784541.694969177246093750000
3.000000000000000000000                1.000000000000000000000
3.299999999999999822364                2.599999999999999644729
3.599999999999999644729                3.927272727272726804415
3.899999999999999467093                5.072727272727272307407
4.199999999999999289457                6.092307692307691979750
4.499999999999999111822                7.021978021978021899940
4.799999999999998934186                7.885714285714285232132
5.099999999999998756550                8.699999999999999289457
5.399999999999998578915                9.476470588235292424883
5.699999999999998401279                10.223529411764703311860
5.999999999999998223643                10.947368421052628306711
6.299999999999998046007                11.652631578947366008947
6.599999999999997868372                12.342857142857139862713
6.899999999999997690736                13.020779220779218121606
7.199999999999997513100                13.688537549407111981736
7.499999999999997335465                14.347826086956519731075
7.799999999999997157829                14.999999999999998223643
8.099999999999997868372                15.646153846153843858247
8.399999999999998578915                16.287179487179486159221
8.699999999999999289457                16.923809523809524080207
9.000000000000000000000                17.556650246305419926784
9.300000000000000710543                18.186206896551723843913
9.600000000000001421085                18.812903225806451246171
9.900000000000002131628                19.437096774193548753829
10.200000000000002842171                20.059090909090908638746
10.500000000000003552714                20.679144385026738461875
10.800000000000004263256                21.297478991596641151318
11.100000000000004973799                21.914285714285718142946
11.400000000000005684342                22.529729729729734089005
11.700000000000006394885                23.143954480796590900127
12.000000000000007105427                23.757085020242918460553
12.300000000000007815970                24.369230769230775024425
12.600000000000008526513                24.980487804878055868585
12.900000000000009237056                25.590940766550531293433
13.200000000000009947598                26.200664451827250900351
13.500000000000010658141                26.809725158562375924021
13.800000000000011368684                27.418181818181825093461
14.100000000000012079227                28.026086956521748305704
14.400000000000012789769                28.633487511563377125867
14.700000000000013500312                29.240425531914905121766
15.000000000000014210855                29.846938775510217567444
15.300000000000014921397                30.453061224489811564808
15.600000000000015631940                31.058823529411782260468
15.900000000000016342483                31.664253393665177327421
16.200000000000017053026                32.269375907111772505687
16.500000000000017763568                32.874213836478006101061
16.800000000000018474111                33.478787878787898080191
17.100000000000019184654                34.083116883116900908135
17.400000000000019895197                34.687218045112800268726
17.700000000000020605739                35.291107078039949840331
18.000000000000021316282                35.894798363530121321219
18.300000000000022026825                36.498305084745787496558
18.600000000000022737368                37.101639344262324016199
18.900000000000023447910                37.704812268640957029220
19.200000000000024158453                38.307834101382518099399
19.500000000000024868996                38.910714285714313120934
19.800000000000025579538                39.513461538461569944047
20.100000000000026290081                40.116083916083951521614
20.400000000000027000624                40.718588873812791462115
20.700000000000027711167                41.320983318700655217981
21.000000000000028421709                41.923273657289044535901
21.300000000000029132252                42.525465838509362015429
21.600000000000029842795                43.127565392354171081024
21.900000000000030553338                43.729577464788782492633
22.200000000000031263880                44.331506849315118756749
22.500000000000031974423                44.933358015549849540093
22.800000000000032684966                45.535135135135185180388
23.100000000000033395509                46.136842105263205837673
23.400000000000034106051                46.738482570061563592390
23.700000000000034816594                47.340059940059987297900
24.000000000000035527137                47.941577409931888098527
24.300000000000036237680                48.543037974683592494785
24.600000000000036948222                49.144444444444495445623
24.900000000000037658765                49.745799457994628767210
25.200000000000038369308                50.347105495151389220609
25.500000000000039079850                50.948364888123975902090
25.800000000000039790393                51.549579831932824447449
26.100000000000040500936                52.150752393980901899795
26.400000000000041211479                52.751884522854908254885
26.700000000000041922021                53.352978056426387354350
27.000000000000042632564                53.954034729315687002327
27.300000000000043343107                54.555056179775341718141
27.600000000000044053650                55.156043956044015885709
27.900000000000044764192                55.756999522216972309252
28.200000000000045474735                56.357924263674675557922
28.500000000000046185278                56.958819492107132020919
28.800000000000046895821                57.559686450168037197272
29.100000000000047606363                58.160526315789539353318
29.400000000000048316906                58.761340206185636247938
29.700000000000049027449                59.362129181569606828361
30.000000000000049737992                59.962894248608606062589
30.300000000000050448534                60.563636363636433657121
30.600000000000051159077                61.164356435643632892152
30.900000000000051869620                61.765055329062384714689
31.200000000000052580162                62.365733866362148773987
31.500000000000053290705                62.966392830470567787415
31.800000000000054001248                63.567032967033036072735
32.100000000000051159077                64.167654986522975946173
32.400000000000048316906                64.768259566214140932061
32.700000000000045474735                65.368847352024985752905
33.000000000000042632564                65.969418960244709637664
33.300000000000039790393                66.569974979149350247098
33.600000000000036948222                67.170515970516035508808
33.900000000000034106051                67.771042471042534316439
34.200000000000031263880                68.371554993678955725045
34.500000000000028421709                68.972054028877565201583
34.800000000000025579538                69.572540045766658067805
35.100000000000022737368                70.173013493253435512997
35.400000000000019895197                70.773474801061070138530
35.700000000000017053026                71.373924380704110603801
36.000000000000014210855                71.974362626406559684256
36.300000000000011368684                72.574789915966448461404
36.600000000000008526513                73.175206611570303039116
36.900000000000005684342                73.775613060560957023881
37.200000000000002842171                74.376009596161594572550
37.500000000000000000000                74.976396538158994076184
37.799999999999997157829                75.576774193548445168744
38.099999999999994315658                76.177142857142911225310
38.399999999999991473487                76.777502812148540556336
38.699999999999988631316                77.377854330708714769571
38.999999999999985789145                77.978197674418652241002
39.299999999999982946974                78.578533094812215153979
39.599999999999980104803                79.178860833822710674212
39.899999999999977262632                79.779181124219334719783
40.199999999999974420462                80.379494190020551513953
40.499999999999971578291                80.979800246885915271378
40.799999999999968736120                81.580099502487598783773
41.099999999999965893949                82.180392156862779984294
41.399999999999963051778                82.780678402747994937272
41.699999999999960209607                83.380958425896579910841
41.999999999999957367436                83.981232405380083605451
42.299999999999954525265                84.581500513874658508939
42.599999999999951683094                85.181762917933170342621
42.899999999999948840923                85.782019778243963514797
43.199999999999945998752                86.382271249876907859289
43.499999999999943156581                86.982517482517508256024
43.799999999999940314410                87.582758620689673989546
44.099999999999937472239                88.182994803967901020769
44.399999999999934630068                88.783226167179222443337
44.699999999999931787897                89.383452840595722932449
44.999999999999928945726                89.983674950117929824955
45.299999999999926103555                90.583892617449691897491
45.599999999999923261385                91.184105960264929535697
45.899999999999920419214                91.784315092366711041905
46.199999999999917577043                92.384520123839038774349
46.499999999999914734872                92.984721161191771443555
46.799999999999911892701                93.584918307498966782987
47.099999999999909050530                94.185111662531028287049
47.399999999999906208359                94.785301322880954444372
47.699999999999903366188                95.385487382084988894348
47.999999999999900524017                95.985669930737998356562
48.299999999999897681846                96.585849056603777285090
48.599999999999894839675                97.186024844720492410488
48.899999999999891997504                97.786197377501721916815
49.199999999999889155333                98.386366734832989777715
49.499999999999886313162                98.986532994164292631467
49.799999999999883470991                99.586696230598661827571
50.099999999999880628820                100.186856516976988018541
50.399999999999877786649                100.787013923959293038024
50.699999999999874944479                101.387168520102633806346
50.999999999999872102308                101.987320371935737739477
51.299999999999869260137                102.587469544030611245944
51.599999999999866417966                103.187616099071192365955
51.899999999999863575795                103.787760097919203872152
52.199999999999860733624                104.387901599677363151386
52.499999999999857891453                104.988040661750034132638
52.799999999999855049282                105.588177339901463369642
53.099999999999852207111                106.188311688311671332485
53.399999999999849364940                106.788443759630183649278
53.699999999999846522769                107.388573605027588087069
53.999999999999843680598                107.988701274245158856502
54.299999999999840838427                108.588826815642434553411
54.599999999999837996256                109.188950276243062376125
54.899999999999835154085                109.789071701778851775089
55.199999999999832311914                110.389191136732080167349
55.499999999999829469743                110.989308624376292300440
55.799999999999826627572                111.589424206815465367981
56.099999999999823785402                112.189537925021753039800
56.399999999999820943231                112.789649818871779984875
56.699999999999818101060                113.389759927181657417350
56.999999999999815258889                113.989868287740577557088
57.299999999999812416718                114.589974937343299643544
57.599999999999809574547                115.190079911821371183578
57.899999999999806732376                115.790183246073226541739
58.199999999999803890205                116.390284974093191294742
58.499999999999801048034                116.990385128999449193543
58.799999999999798205863                117.590483743060985943885
59.099999999999795363692                118.190580847723623492129
59.399999999999792521521                118.790676473635059551270
59.699999999999789679350                119.390770650669040264802
59.999999999999786837179                119.990863407948751273580
60.299999999999783995008                120.590954773869256655416
3.000000000000000000000                1.000000000000000000000
3.299999999999999822364                2.599999999999999644729
3.599999999999999644729                3.927272727272726804415
3.899999999999999467093                5.072727272727272307407
4.199999999999999289457                6.092307692307691979750
4.499999999999999111822                7.021978021978021899940
4.799999999999998934186                7.885714285714285232132
5.099999999999998756550                8.699999999999999289457
5.399999999999998578915                9.476470588235292424883
5.699999999999998401279                10.223529411764703311860
5.999999999999998223643                10.947368421052628306711
6.299999999999998046007                11.652631578947366008947
6.599999999999997868372                12.342857142857139862713
6.899999999999997690736                13.020779220779218121606
7.199999999999997513100                13.688537549407111981736
7.499999999999997335465                14.347826086956519731075
7.799999999999997157829                14.999999999999998223643
8.099999999999997868372                15.646153846153843858247
8.399999999999998578915                16.287179487179486159221
8.699999999999999289457                16.923809523809524080207
9.000000000000000000000                17.556650246305419926784
9.300000000000000710543                18.186206896551723843913
9.600000000000001421085                18.812903225806451246171
9.900000000000002131628                19.437096774193548753829
10.200000000000002842171                20.059090909090908638746
10.500000000000003552714                20.679144385026738461875
10.800000000000004263256                21.297478991596641151318
11.100000000000004973799                21.914285714285718142946
11.400000000000005684342                22.529729729729734089005
11.700000000000006394885                23.143954480796590900127
12.000000000000007105427                23.757085020242918460553
12.300000000000007815970                24.369230769230775024425
12.600000000000008526513                24.980487804878055868585
12.900000000000009237056                25.590940766550531293433
13.200000000000009947598                26.200664451827250900351
13.500000000000010658141                26.809725158562375924021
13.800000000000011368684                27.418181818181825093461
14.100000000000012079227                28.026086956521748305704
14.400000000000012789769                28.633487511563377125867
14.700000000000013500312                29.240425531914905121766
15.000000000000014210855                29.846938775510217567444
15.300000000000014921397                30.453061224489811564808
15.600000000000015631940                31.058823529411782260468
15.900000000000016342483                31.664253393665177327421
16.200000000000017053026                32.269375907111772505687
16.500000000000017763568                32.874213836478006101061
16.800000000000018474111                33.478787878787898080191
17.100000000000019184654                34.083116883116900908135
17.400000000000019895197                34.687218045112800268726
17.700000000000020605739                35.291107078039949840331
18.000000000000021316282                35.894798363530121321219
18.300000000000022026825                36.498305084745787496558
18.600000000000022737368                37.101639344262324016199
18.900000000000023447910                37.704812268640957029220
19.200000000000024158453                38.307834101382518099399
19.500000000000024868996                38.910714285714313120934
19.800000000000025579538                39.513461538461569944047
20.100000000000026290081                40.116083916083951521614
20.400000000000027000624                40.718588873812791462115
20.700000000000027711167                41.320983318700655217981
21.000000000000028421709                41.923273657289044535901
21.300000000000029132252                42.525465838509362015429
21.600000000000029842795                43.127565392354171081024
21.900000000000030553338                43.729577464788782492633
22.200000000000031263880                44.331506849315118756749
22.500000000000031974423                44.933358015549849540093
22.800000000000032684966                45.535135135135185180388
23.100000000000033395509                46.136842105263205837673
23.400000000000034106051                46.738482570061563592390
23.700000000000034816594                47.340059940059987297900
24.000000000000035527137                47.941577409931888098527
24.300000000000036237680                48.543037974683592494785
24.600000000000036948222                49.144444444444495445623
24.900000000000037658765                49.745799457994628767210
25.200000000000038369308                50.347105495151389220609
25.500000000000039079850                50.948364888123975902090
25.800000000000039790393                51.549579831932824447449
26.100000000000040500936                52.150752393980901899795
26.400000000000041211479                52.751884522854908254885
26.700000000000041922021                53.352978056426387354350
27.000000000000042632564                53.954034729315687002327
27.300000000000043343107                54.555056179775341718141
27.600000000000044053650                55.156043956044015885709
27.900000000000044764192                55.756999522216972309252
28.200000000000045474735                56.357924263674675557922
28.500000000000046185278                56.958819492107132020919
28.800000000000046895821                57.559686450168037197272
29.100000000000047606363                58.160526315789539353318
29.400000000000048316906                58.761340206185636247938
29.700000000000049027449                59.362129181569606828361
30.000000000000049737992                59.962894248608606062589
30.300000000000050448534                60.563636363636433657121
30.600000000000051159077                61.164356435643632892152
30.900000000000051869620                61.765055329062384714689
31.200000000000052580162                62.365733866362148773987
31.500000000000053290705                62.966392830470567787415
31.800000000000054001248                63.567032967033036072735
32.100000000000051159077                64.167654986522975946173
32.400000000000048316906                64.768259566214140932061
32.700000000000045474735                65.368847352024985752905
33.000000000000042632564                65.969418960244709637664
33.300000000000039790393                66.569974979149350247098
33.600000000000036948222                67.170515970516035508808
33.900000000000034106051                67.771042471042534316439
34.200000000000031263880                68.371554993678955725045
34.500000000000028421709                68.972054028877565201583
34.800000000000025579538                69.572540045766658067805
35.100000000000022737368                70.173013493253435512997
35.400000000000019895197                70.773474801061070138530
35.700000000000017053026                71.373924380704110603801
36.000000000000014210855                71.974362626406559684256
36.300000000000011368684                72.574789915966448461404
36.600000000000008526513                73.175206611570303039116
36.900000000000005684342                73.775613060560957023881
37.200000000000002842171                74.376009596161594572550
37.500000000000000000000                74.976396538158994076184
37.799999999999997157829                75.576774193548445168744
38.099999999999994315658                76.177142857142911225310
38.399999999999991473487                76.777502812148540556336
38.699999999999988631316                77.377854330708714769571
38.999999999999985789145                77.978197674418652241002
39.299999999999982946974                78.578533094812215153979
39.599999999999980104803                79.178860833822710674212
39.899999999999977262632                79.779181124219334719783
40.199999999999974420462                80.379494190020551513953
40.499999999999971578291                80.979800246885915271378
40.799999999999968736120                81.580099502487598783773
41.099999999999965893949                82.180392156862779984294
41.399999999999963051778                82.780678402747994937272
41.699999999999960209607                83.380958425896579910841
41.999999999999957367436                83.981232405380083605451
42.299999999999954525265                84.581500513874658508939
42.599999999999951683094                85.181762917933170342621
42.899999999999948840923                85.782019778243963514797
43.199999999999945998752                86.382271249876907859289
43.499999999999943156581                86.982517482517508256024
43.799999999999940314410                87.582758620689673989546
44.099999999999937472239                88.182994803967901020769
44.399999999999934630068                88.783226167179222443337
44.699999999999931787897                89.383452840595722932449
44.999999999999928945726                89.983674950117929824955
45.299999999999926103555                90.583892617449691897491
45.599999999999923261385                91.184105960264929535697
45.899999999999920419214                91.784315092366711041905
46.199999999999917577043                92.384520123839038774349
46.499999999999914734872                92.984721161191771443555
46.799999999999911892701                93.584918307498966782987
47.099999999999909050530                94.185111662531028287049
47.399999999999906208359                94.785301322880954444372
47.699999999999903366188                95.385487382084988894348
47.999999999999900524017                95.985669930737998356562
48.299999999999897681846                96.585849056603777285090
48.599999999999894839675                97.186024844720492410488
48.899999999999891997504                97.786197377501721916815
49.199999999999889155333                98.386366734832989777715
49.499999999999886313162                98.986532994164292631467
49.799999999999883470991                99.586696230598661827571
50.099999999999880628820                100.186856516976988018541
50.399999999999877786649                100.787013923959293038024
50.699999999999874944479                101.387168520102633806346
50.999999999999872102308                101.987320371935737739477
51.299999999999869260137                102.587469544030611245944
51.599999999999866417966                103.187616099071192365955
51.899999999999863575795                103.787760097919203872152
52.199999999999860733624                104.387901599677363151386
52.499999999999857891453                104.988040661750034132638
52.799999999999855049282                105.588177339901463369642
53.099999999999852207111                106.188311688311671332485
53.399999999999849364940                106.788443759630183649278
53.699999999999846522769                107.388573605027588087069
53.999999999999843680598                107.988701274245158856502
54.299999999999840838427                108.588826815642434553411
54.599999999999837996256                109.188950276243062376125
54.899999999999835154085                109.789071701778851775089
55.199999999999832311914                110.389191136732080167349
55.499999999999829469743                110.989308624376292300440
55.799999999999826627572                111.589424206815465367981
56.099999999999823785402                112.189537925021753039800
56.399999999999820943231                112.789649818871779984875
56.699999999999818101060                113.389759927181657417350
56.999999999999815258889                113.989868287740577557088
57.299999999999812416718                114.589974937343299643544
57.599999999999809574547                115.190079911821371183578
57.899999999999806732376                115.790183246073226541739
58.199999999999803890205                116.390284974093191294742
58.499999999999801048034                116.990385128999449193543
58.799999999999798205863                117.590483743060985943885
59.099999999999795363692                118.190580847723623492129
59.399999999999792521521                118.790676473635059551270
59.699999999999789679350                119.390770650669040264802
59.999999999999786837179                119.990863407948751273580
60.299999999999783995008                120.590954773869256655416
2.000000000000000000000                2.718280000000000029559
2.299999999999999822364                3.126021725731235711976
2.599999999999999644729                3.590750188822185773319
2.899999999999999467093                4.120397365322551408440
3.199999999999999289457                4.723943057924191002428
3.499999999999999111822                5.411561912038497013100
3.799999999999998934186                6.194787051446895453921
4.099999999999998756550                7.086693649291991192740
4.399999999999998578915                8.102105653010168495598
4.699999999999998401279                9.257829032519003575885
4.999999999999998223643                10.572915214209718470784
5.299999999999998046007                12.068958756235536711188
5.599999999999997868372                13.770433796901064837925
5.899999999999997690736                15.705074363644449420008
6.199999999999997513100                17.904304267544269180235
6.499999999999997335465                20.403723033627091609787
6.799999999999997157829                23.243655139251060859351
7.099999999999996980193                26.469770762350325554735
7.399999999999996802558                30.133787291134606078913
7.699999999999996624922                34.294262031681512326031
7.999999999999996447286                39.017487886527220553035
8.299999999999997157829                44.378505284884681714175
8.599999999999997868372                50.462245345004411944956
8.899999999999998578915                57.364821165708796968374
9.199999999999999289457                65.194986304633516738249
9.500000000000000000000                74.075781936023659568491
9.800000000000000710543                84.146396925775832187355
10.100000000000001421085                95.564268154889461470702
10.400000000000002131628                108.507451908611074031796
10.700000000000002842171                123.177301076886053010639
11.000000000000003552714                139.801487338063679999323
11.300000000000004263256                158.637412484933463474590
11.600000000000004973799                179.976058670788148674546
11.900000000000005684342                204.146333682867464176525
12.200000000000006394885                231.519974480767189106700
12.500000000000007105427                262.517080268958352462505
12.800000000000007815970                297.612355418828599340486
13.100000000000008526513                337.342152744213422010944
13.400000000000009237056                382.312419108774747655843
13.700000000000009947598                433.207658265319253132475
14.000000000000010658141                490.801040377931997227279
14.300000000000011368684                555.965804062057145529252
14.600000000000012079227                629.688115225343381098355
14.900000000000012789769                713.081567761871838229126
15.200000000000013500312                807.403534535272797256766
15.500000000000014210855                914.073603409492761784350
15.800000000000014921397                1034.694362717702460940927
16.100000000000015631940                1171.074833914029341030982
16.400000000000016342483                1325.256886695043249346782
16.700000000000017053026                1499.545014131804919088609
17.000000000000017763568                1696.539892907574085256783
17.300000000000018474111                1919.176207273032332523144
17.600000000000019184654                2170.765275554515937983524
17.900000000000019895197                2455.043085818285362620372
18.200000000000020605739                2776.224423546320394962095
18.500000000000021316282                3139.063859974495244387072
18.800000000000022026825                3548.924466271655546734110
19.100000000000022737368                4011.855227335130621213466
19.400000000000023447910                4534.678251147592163761146
19.700000000000024158453                5125.087007071348125464283
20.000000000000024868996                5791.756981048170018766541
20.300000000000025579538                6544.470309559890665696003
20.600000000000026290081                7394.256149786259811662603
20.900000000000027000624                8353.548763367813080549240
21.200000000000027711167                9436.365538572714285692200
21.500000000000028421709                10658.507453882510162657127
21.800000000000029132252                12037.784798878603396588005
22.100000000000029842795                13594.271320128436855156906
22.400000000000030553338                15350.590355368785822065547
22.700000000000031263880                17332.236964091167465085164
23.000000000000031974423                19567.940562749856326263398
23.300000000000032684966                22090.073135088125127367675
23.600000000000033395509                24935.108720210824685636908
23.900000000000034106051                28144.140591669030982302502
24.200000000000034816594                31763.463339679794444236904
24.500000000000035527137                35845.227966593738528899848
24.800000000000036237680                40448.179115103288495447487
25.100000000000036948222                45638.484683223607135005295
25.400000000000037658765                51490.669355241450830362737
25.700000000000038369308                58088.665010984259424731135
26.000000000000039079850                65526.992586420434236060828
26.300000000000039790393                73912.091768670929013751447
26.600000000000040500936                83363.816942596764420159161
26.900000000000041211479                94017.120091856500948779285
27.200000000000041922021                106023.943925730767659842968
27.500000000000042632564                119555.351388927418156526983
27.800000000000043343107                134803.920954133878694847226
28.100000000000044053650                151986.440740199206629768014
28.400000000000044764192                171346.938591828278731554747
28.700000000000045474735                193160.089854929421562701464
29.000000000000046185278                217735.049747444136301055551
29.300000000000046895821                245419.763028399465838447213
29.600000000000047606363                276605.810186416318174451590
29.900000000000048316906                311733.856690938700921833515
30.200000000000049027449                351299.780073764384724199772
30.500000000000049737992                395861.558845889579970389605
30.800000000000050448534                446047.017629647802095860243
31.100000000000051159077                502562.534538266016170382500
31.400000000000051869620                566202.829921023687347769737
31.700000000000052580162                637861.970288096345029771328
32.000000000000049737992                718545.737732335226610302925
32.300000000000046895821                809385.533697260892949998379
32.600000000000044053650                911654.006750097963958978653
32.900000000000041211479                1026782.617384824319742619991
33.200000000000038369308                1156381.379116098862141370773
33.500000000000035527137                1302261.044581987662240862846
33.800000000000032684966                1466458.038445946294814348221
34.100000000000029842795                1651262.476018993416801095009
34.400000000000027000624                1859249.648207886610180139542
34.700000000000024158453                2093315.400191399967297911644
35.000000000000021316282                2356715.883759482763707637787
35.300000000000018474111                2653112.222220296040177345276
35.600000000000015631940                2986620.692974535748362541199
35.900000000000012789769                3361869.107157549820840358734
36.200000000000009947598                3784060.149147556629031896591
36.500000000000007105427                4259042.532343377359211444855
36.800000000000004263256                4793390.932673329487442970276
37.100000000000001421085                5394495.779205773025751113892
37.399999999999998578915                6070664.113558780401945114136
37.699999999999995736744                6831232.878309834748506546021
37.999999999999992894573                7686696.161258357577025890350
38.299999999999990052402                8648848.109406262636184692383
38.599999999999987210231                9730943.436375305056571960449
38.899999999999984368060                10947877.682457162067294120789
39.199999999999981525889                12316389.650713142007589340210
39.499999999999978683718                13855288.739004688337445259094
39.799999999999975841547                15585710.220467556267976760864
40.099999999999972999376                17531401.898142538964748382568
40.399999999999970157205                19719045.978178646415472030640
40.699999999999967315034                22178620.475764356553554534912
40.999999999999964472863                24943804.994923837482929229736
41.299999999999961630692                28052436.314495280385017395020
41.599999999999958788521                31547019.875788599252700805664
41.899999999999955946350                35475304.011346295475959777832
42.199999999999953104179                39890924.588710710406303405762
42.499999999999950262008                44854128.679127782583236694336
42.799999999999947419838                50432586.911017835140228271484
43.099999999999944577667                56702305.345636993646621704102
43.399999999999941735496                63748649.033129990100860595703
43.699999999999938893325                71667490.888503417372703552246
43.999999999999936051154                80566501.188395917415618896484
44.299999999999933208983                90566594.852711781859397888184
44.599999999999930366812                101803555.764679446816444396973
44.899999999999927524641                114429859.726117387413978576660
45.199999999999924682470                128616720.272371366620063781738
45.499999999999921840299                144556384.517979532480239868164
45.799999999999918998128                162464709.508237093687057495117
46.099999999999916155957                182584053.256746232509613037109
46.399999999999913313786                205186518.803253948688507080078
46.699999999999910471615                230577594.283957064151763916016
46.999999999999907629444                259100237.228913277387619018555
47.299999999999904787273                291139457.156510353088378906250
47.599999999999901945102                327127457.099624335765838623047
47.899999999999899102932                367549402.057880163192749023438
48.199999999999896260761                412949890.621395051479339599609
48.499999999999893418590                463940215.261198759078979492188
48.799999999999890576419                521206507.150829553604125976562
49.099999999999887734248                585518873.007579445838928222656
49.399999999999884892077                657741644.471977710723876953125
49.699999999999882049906                738844875.150072813034057617188
49.999999999999879207735                829917236.815051555633544921875
50.299999999999876365564                932180484.615777373313903808594
50.599999999999873523393                1047005681.708625555038452148438
50.899999999999870681222                1175931396.782976627349853515625
51.199999999999867839051                1320684113.789494037628173828125
51.499999999999864996880                1483201122.139514923095703125000
51.799999999999862154709                1665656188.099527835845947265625
52.099999999999859312538                1870488344.478033065795898437500
52.399999999999856470367                2100434176.464954853057861328125
52.699999999999853628196                2358564027.164771080017089843750
52.999999999999850786025                2648322597.555768013000488281250
53.299999999999847943855                2973574472.972547054290771484375
53.599999999999845101684                3338655172.490012168884277343750
53.899999999999842259513                3748428389.616693496704101562500
54.199999999999839417342                4208350173.415427684783935546875
54.499999999999836575171                4724540889.604046821594238281250
54.799999999999833733000                5303865902.517032623291015625000
55.099999999999830890829                5954026032.340547561645507812500
55.399999999999828048658                6683658969.234457969665527343750
55.699999999999825206487                7502452968.468405723571777343750
55.999999999999822364316                8421274310.364082336425781250000
56.299999999999819522145                9452310187.712642669677734375000
56.599999999999816679974                10609228883.731481552124023437500
56.899999999999813837803                11907359328.121799468994140625000
57.199999999999810995632                13363892370.280363082885742187500
57.499999999999808153461                14998106390.445011138916015625000
57.799999999999805311290                16831620185.141202926635742187500
58.099999999999802469119                18888676416.807960510253906250000
58.399999999999799626949                21196459313.463981628417968750000
58.699999999999796784778                23785450747.820800781250000000000
58.999999999999793942607                26689829322.061534881591796875000
59.299999999999791100436                29947917640.964920043945312500000
59.599999999999788258265                33602683579.312633514404296875000
59.899999999999785416094                37702302047.575950622558593750000
60.199999999999782573923                42300784541.694969177246093750000
2.000000000000000000000                2.718280000000000029559
2.299999999999999822364                3.126021725731235711976
2.599999999999999644729                3.590750188822185773319
2.899999999999999467093                4.120397365322551408440
3.199999999999999289457                4.723943057924191002428
3.499999999999999111822                5.411561912038497013100
3.799999999999998934186                6.194787051446895453921
4.099999999999998756550                7.086693649291991192740
4.399999999999998578915                8.102105653010168495598
4.699999999999998401279                9.257829032519003575885
4.999999999999998223643                10.572915214209718470784
5.299999999999998046007                12.068958756235536711188
5.599999999999997868372                13.770433796901064837925
5.899999999999997690736                15.705074363644449420008
6.199999999999997513100                17.904304267544269180235
6.499999999999997335465                20.403723033627091609787
6.799999999999997157829                23.243655139251060859351
7.099999999999996980193                26.469770762350325554735
7.399999999999996802558                30.133787291134606078913
7.699999999999996624922                34.294262031681512326031
7.999999999999996447286                39.017487886527220553035
8.299999999999997157829                44.378505284884681714175
8.599999999999997868372                50.462245345004411944956
8.899999999999998578915                57.364821165708796968374
9.199999999999999289457                65.194986304633516738249
9.500000000000000000000                74.075781936023659568491
9.800000000000000710543                84.146396925775832187355
10.100000000000001421085                95.564268154889461470702
10.400000000000002131628                108.507451908611074031796
10.700000000000002842171                123.177301076886053010639
11.000000000000003552714                139.801487338063679999323
11.300000000000004263256                158.637412484933463474590
11.600000000000004973799                179.976058670788148674546
11.900000000000005684342                204.146333682867464176525
12.200000000000006394885                231.519974480767189106700
12.500000000000007105427                262.517080268958352462505
12.800000000000007815970                297.612355418828599340486
13.100000000000008526513                337.342152744213422010944
13.400000000000009237056                382.312419108774747655843
13.700000000000009947598                433.207658265319253132475
14.000000000000010658141                490.801040377931997227279
14.300000000000011368684                555.965804062057145529252
14.600000000000012079227                629.688115225343381098355
14.900000000000012789769                713.081567761871838229126
15.200000000000013500312                807.403534535272797256766
15.500000000000014210855                914.073603409492761784350
15.800000000000014921397                1034.694362717702460940927
16.100000000000015631940                1171.074833914029341030982
16.400000000000016342483                1325.256886695043249346782
16.700000000000017053026                1499.545014131804919088609
17.000000000000017763568                1696.539892907574085256783
17.300000000000018474111                1919.176207273032332523144
17.600000000000019184654                2170.765275554515937983524
17.900000000000019895197                2455.043085818285362620372
18.200000000000020605739                2776.224423546320394962095
18.500000000000021316282                3139.063859974495244387072
18.800000000000022026825                3548.924466271655546734110
19.100000000000022737368                4011.855227335130621213466
19.400000000000023447910                4534.678251147592163761146
19.700000000000024158453                5125.087007071348125464283
20.000000000000024868996                5791.756981048170018766541
20.300000000000025579538                6544.470309559890665696003
20.600000000000026290081                7394.256149786259811662603
20.900000000000027000624                8353.548763367813080549240
21.200000000000027711167                9436.365538572714285692200
21.500000000000028421709                10658.507453882510162657127
21.800000000000029132252                12037.784798878603396588005
22.100000000000029842795                13594.271320128436855156906
22.400000000000030553338                15350.590355368785822065547
22.700000000000031263880                17332.236964091167465085164
23.000000000000031974423                19567.940562749856326263398
23.300000000000032684966                22090.073135088125127367675
23.600000000000033395509                24935.108720210824685636908
23.900000000000034106051                28144.140591669030982302502
24.200000000000034816594                31763.463339679794444236904
24.500000000000035527137                35845.227966593738528899848
24.800000000000036237680                40448.179115103288495447487
25.100000000000036948222                45638.484683223607135005295
25.400000000000037658765                51490.669355241450830362737
25.700000000000038369308                58088.665010984259424731135
26.000000000000039079850                65526.992586420434236060828
26.300000000000039790393                73912.091768670929013751447
26.600000000000040500936                83363.816942596764420159161
26.900000000000041211479                94017.120091856500948779285
27.200000000000041922021                106023.943925730767659842968
27.500000000000042632564                119555.351388927418156526983
27.800000000000043343107                134803.920954133878694847226
28.100000000000044053650                151986.440740199206629768014
28.400000000000044764192                171346.938591828278731554747
28.700000000000045474735                193160.089854929421562701464
29.000000000000046185278                217735.049747444136301055551
29.300000000000046895821                245419.763028399465838447213
29.600000000000047606363                276605.810186416318174451590
29.900000000000048316906                311733.856690938700921833515
30.200000000000049027449                351299.780073764384724199772
30.500000000000049737992                395861.558845889579970389605
30.800000000000050448534                446047.017629647802095860243
31.100000000000051159077                502562.534538266016170382500
31.400000000000051869620                566202.829921023687347769737
31.700000000000052580162                637861.970288096345029771328
32.000000000000049737992                718545.737732335226610302925
32.300000000000046895821                809385.533697260892949998379
32.600000000000044053650                911654.006750097963958978653
32.900000000000041211479                1026782.617384824319742619991
33.200000000000038369308                1156381.379116098862141370773
33.500000000000035527137                1302261.044581987662240862846
33.800000000000032684966                1466458.038445946294814348221
34.100000000000029842795                1651262.476018993416801095009
34.400000000000027000624                1859249.648207886610180139542
34.700000000000024158453                2093315.400191399967297911644
35.000000000000021316282                2356715.883759482763707637787
35.300000000000018474111                2653112.222220296040177345276
35.600000000000015631940                2986620.692974535748362541199
35.900000000000012789769                3361869.107157549820840358734
36.200000000000009947598                3784060.149147556629031896591
36.500000000000007105427                4259042.532343377359211444855
36.800000000000004263256                4793390.932673329487442970276
37.100000000000001421085                5394495.779205773025751113892
37.399999999999998578915                6070664.113558780401945114136
37.699999999999995736744                6831232.878309834748506546021
37.999999999999992894573                7686696.161258357577025890350
38.299999999999990052402                8648848.109406262636184692383
38.599999999999987210231                9730943.436375305056571960449
38.899999999999984368060                10947877.682457162067294120789
39.199999999999981525889                12316389.650713142007589340210
39.499999999999978683718                13855288.739004688337445259094
39.799999999999975841547                15585710.220467556267976760864
40.099999999999972999376                17531401.898142538964748382568
40.399999999999970157205                19719045.978178646415472030640
40.699999999999967315034                22178620.475764356553554534912
40.999999999999964472863                24943804.994923837482929229736
41.299999999999961630692                28052436.314495280385017395020
41.599999999999958788521                31547019.875788599252700805664
41.899999999999955946350                35475304.011346295475959777832
42.199999999999953104179                39890924.588710710406303405762
42.499999999999950262008                44854128.679127782583236694336
42.799999999999947419838                50432586.911017835140228271484
43.099999999999944577667                56702305.345636993646621704102
43.399999999999941735496                63748649.033129990100860595703
43.699999999999938893325                71667490.888503417372703552246
43.999999999999936051154                80566501.188395917415618896484
44.299999999999933208983                90566594.852711781859397888184
44.599999999999930366812                101803555.764679446816444396973
44.899999999999927524641                114429859.726117387413978576660
45.199999999999924682470                128616720.272371366620063781738
45.499999999999921840299                144556384.517979532480239868164
45.799999999999918998128                162464709.508237093687057495117
46.099999999999916155957                182584053.256746232509613037109
46.399999999999913313786                205186518.803253948688507080078
46.699999999999910471615                230577594.283957064151763916016
46.999999999999907629444                259100237.228913277387619018555
47.299999999999904787273                291139457.156510353088378906250
47.599999999999901945102                327127457.099624335765838623047
47.899999999999899102932                367549402.057880163192749023438
48.199999999999896260761                412949890.621395051479339599609
48.499999999999893418590                463940215.261198759078979492188
48.799999999999890576419                521206507.150829553604125976562
49.099999999999887734248                585518873.007579445838928222656
49.399999999999884892077                657741644.471977710723876953125
49.699999999999882049906                738844875.150072813034057617188
49.999999999999879207735                829917236.815051555633544921875
50.299999999999876365564                932180484.615777373313903808594
50.599999999999873523393                1047005681.708625555038452148438
50.899999999999870681222                1175931396.782976627349853515625
51.199999999999867839051                1320684113.789494037628173828125
51.499999999999864996880                1483201122.139514923095703125000
51.799999999999862154709                1665656188.099527835845947265625
52.099999999999859312538                1870488344.478033065795898437500
52.399999999999856470367                2100434176.464954853057861328125
52.699999999999853628196                2358564027.164771080017089843750
52.999999999999850786025                2648322597.555768013000488281250
53.299999999999847943855                2973574472.972547054290771484375
53.599999999999845101684                3338655172.490012168884277343750
53.899999999999842259513                3748428389.616693496704101562500
54.199999999999839417342                4208350173.415427684783935546875
54.499999999999836575171                4724540889.604046821594238281250
54.799999999999833733000                5303865902.517032623291015625000
55.099999999999830890829                5954026032.340547561645507812500
55.399999999999828048658                6683658969.234457969665527343750
55.699999999999825206487                7502452968.468405723571777343750
55.999999999999822364316                8421274310.364082336425781250000
56.299999999999819522145                9452310187.712642669677734375000
56.599999999999816679974                10609228883.731481552124023437500
56.899999999999813837803                11907359328.121799468994140625000
57.199999999999810995632                13363892370.280363082885742187500
57.499999999999808153461                14998106390.445011138916015625000
57.799999999999805311290                16831620185.141202926635742187500
58.099999999999802469119                18888676416.807960510253906250000
58.399999999999799626949                21196459313.463981628417968750000
58.699999999999796784778                23785450747.820800781250000000000
58.999999999999793942607                26689829322.061534881591796875000
59.299999999999791100436                29947917640.964920043945312500000
59.599999999999788258265                33602683579.312633514404296875000
59.899999999999785416094                37702302047.575950622558593750000
60.199999999999782573923                42300784541.694969177246093750000
